90 90 90 90 90 90 90 90 90 90 
90 90 90 90 90 90 90 90 90 90 
90 90 90 90 90 90 90 90 90 90 
90 90 90 90 90 90 90 90 90 90 
90 90 90 90 90 90 90 90 90 90 
90 90 90 90 90 90 90 90 90 90 
90 90 90 90 90 90 90 90 90 90 
90 90 90 90 90 90 90 90 90 90 
90 90 90 90 90 90 90 90 90 90 
90 90 90 90 90 90 90 90 90 90 
/* 100 */
90 90 90 90 90 90 90 90 90 90 
90 90 90 90 90 90 90 90 90 90 
90 90 90 90 90 90 90 90 90 90 
90 90 90 90 90 90 90 90 90 90 
90 90 90 90 90 90 90 90 90 90 
90 90 90 90 90 90 90 90 90 90 
90 90 90 90 90 90 90 90 90 90 
90 90 90 90 90 90 90 90 90 90 
90 90 90 90 90 90 90 90 90 90 
90 90 90 90 90 90 90 90 90 90 
/* 200 */
90 90 90 90 90 90 90 90 90 90 
90 90 90 90 90 90 90 90 90 90 
90 90 90 90 90 90 90 90 90 90 
90 90 90 90 90 90 90 90 90 90 
90 90 90 90 90 90 90 90 90 90 
90 90 90 90 90 90 90 90 90 90 
90 90 90 90 90 90 90 90 90 90 
90 90 90 90 90 90 90 90 90 90 
90 90 90 90 90 90 90 90 90 90 
90 90 90 90 90 90 90 90 90 90 
/* 300 */
90 90 90 90 90 90 90 90 90 90 
90 90 90 90 90 90 90 90 90 90 
90 90 90 90 90 90 90 90 90 90 
90 90 90 90 90 90 90 90 90 90 
90 90 90 90 90 90 90 90 90 90 
90 90 90 90 90 90 90 90 90 90 
90 90 90 90 90 90 90 90 90 90 
90 90 90 90 90 90 90 90 90 90 
90 90 90 90 90 90 90 90 90 90 
90 90 90 90 90 90 90 90 90 90 
/* 400 */
90 90 90 90 90 90 90 90 90 90 
90 90 90 90 90 90 90 90 90 90 
90 90 90 90 90 90 90 90 90 90 
90 90 90 90 90 90 90 90 90 90 
90 90 90 90 90 90 90 90 90 90 
90 90 90 90 90 90 90 90 90 90 
90 90 90 90 90 90 90 90 90 90 
90 90 90 90 90 90 90 90 90 90 
90 90 90 90 90 90 90 90 90 90 
90 90 90 90 90 90 90 90 90 90 
/* 500 */
90 90 90 90 90 90 90 90 90 
b8 2a e9 ae 4f 
8d 6c 24 28 
68 15 8e 04 08 
c3 
58 3c 68 55